0.0666667,0.161129,0.151007
0.266667,0.161088,0.0833537
0.466667,0.17452,0.0772653
0.666667,0.189935,0.080966
0.866667,0.193514,0.0687653
1.06667,0.198105,0.0622721
1.26667,0.204187,0.0536327
1.46667,0.206976,0.0532483
1.66667,0.214116,0.0606361
1.86667,0.21865,0.0614626
2.06667,0.220014,0.0658469
2.26667,0.216575,0.0659796
2.46667,0.215014,0.0592449
2.66667,0.21651,0.0533333
2.86667,0.217476,0.0530204
3.06667,0.216245,0.0516122
3.26667,0.215316,0.0448946
3.46667,0.213105,0.0407687
3.66667,0.217099,0.0391429
3.86667,0.216939,0.0332721
4.06667,0.214167,0.0256054
4.26667,0.213565,0.0281327
4.46667,0.212211,0.0149422
4.66667,0.228592,0.0175102
4.86667,0.22984,0.00941157
5.06667,0.230238,0.0101497
5.26667,0.239912,0.0164116
5.46667,0.247316,0.0236088
5.66667,0.260207,0.0406361
5.86667,0.274993,0.0448265
6.06667,0.279857,0.056068
6.26667,0.282748,0.0729388
6.46667,0.294293,0.0801395
6.66667,0.292395,0.0771395
6.86667,0.292609,0.0704898
7.06667,0.291878,0.0744388
7.26667,0.299361,0.0824592
7.46667,0.305231,0.0842143
7.66667,0.31382,0.0830068
7.86667,0.317167,0.0868401
8.06667,0.325806,0.10735
8.26667,0.325194,0.0860884
8.46667,0.324925,0.0828878
8.66667,0.326548,0.0848469
8.86667,0.327367,0.083551
9.06667,0.330786,0.0741973
9.26667,0.334184,0.0684422
9.46667,0.339,0.0613571
9.66667,0.345844,0.0664728
9.86667,0.343884,0.0511837
10.0667,0.335003,0.0499966
10.2667,0.332007,0.0410646
10.4667,0.328592,0.0412755
10.6667,0.321993,0.0352211
10.8667,0.317531,0.0356633
11.0667,0.313684,0.0304558
11.2667,0.311238,0.0282109
11.4667,0.311833,0.0351327
11.6667,0.305963,0.0235238
11.8667,0.305204,0.0231599
12.0667,0.30219,0.0176463
12.2667,0.301095,0.017466
12.4667,0.299395,0.013085
12.6667,0.29766,0.00608163
12.8667,0.295833,0.00608503
13.0667,0.301078,0.0136122
13.2667,0.297071,0.0044898
13.4667,0.29768,0.00514286
13.6667,0.296969,0.00119388
13.8667,0.294864,0.00317007
14.0667,0.295497,0
14.2667,0.296415,0.00227551
14.4667,0.29732,0.00345238
14.6667,0.296054,0.00792857
14.8667,0.296071,0.00555442
15.0667,0.296452,0.00057483
15.2667,0.296095,0.00194898
15.4667,0.295381,0.00428571
15.6667,0.295816,0.0052585
15.8667,0.293497,0.0087551
16.0667,0.291442,0.00926191
16.2667,0.294517,0.00411565
16.4667,0.301694,0.0109626
16.6667,0.30131,0.0072585
16.8667,0.295527,0.00401361
17.0667,0.297905,0.00328231
17.2667,0.29883,0.0032619
17.4667,0.301037,0.00132653
17.6667,0.301942,0.00156463
17.8667,0.302537,0.00144218
18.0667,0.303452,0.00757823
18.2667,0.30198,0.00343537
18.4667,0.303381,0.00906803
18.6667,0.307935,0.0108265
18.8667,0.311316,0.00996258
19.0667,0.31401,0.0105714
19.2667,0.311429,0.0141293
19.4667,0.305037,0.0142823
19.6667,0.313156,0.0176531
19.8667,0.306871,0.0102721
20.0667,0.304327,0.00653061
20.2667,0.303361,0.00477551
20.4667,0.304449,0.00311905
20.6667,0.303435,0.00172789
20.8667,0.309211,0.00790816
21.0667,0.313122,0.00473129
21.2667,0.313007,0.00266327
21.4667,0.322483,0.0134014
21.6667,0.318908,0.000619048
21.8667,0.321197,0.000663265
22.0667,0.3155,0.00230612
22.2667,0.315888,0.00153061
22.4667,0.314299,0.00114966
22.6667,0.31501,0.00209184
22.8667,0.321616,0.0102857
23.0667,0.327769,0.0331871
23.2667,0.323864,0.0207619
23.4667,0.320173,0.0232313
23.6667,0.318588,0.0182075
23.8667,0.314088,0.0166463
24.0667,0.310728,0.0149524
24.2667,0.314881,0.014568
24.4667,0.315673,0.013432
24.6667,0.317327,0.0188333
24.8667,0.316881,0.00953741
25.0667,0.317071,0.0105952
25.2667,0.311711,0.0105918
25.4667,0.317133,0.0121224
25.6667,0.322884,0.017466
25.8667,0.32732,0.0206259
26.0667,0.332007,0.0262551
26.2667,0.333024,0.0300408
26.4667,0.340619,0.0371905
26.6667,0.337483,0.0334014
26.8667,0.339929,0.0319422
27.0667,0.348037,0.0351088
27.2667,0.358626,0.0427585
27.4667,0.376224,0.0494796
27.6667,0.390167,0.0531837
27.8667,0.406867,0.0601497
28.0667,0.449003,0.0785884
28.2667,0.459554,0.0689864
28.4667,0.472306,0.0686327
28.6667,0.479901,0.0710578
28.8667,0.490058,0.0681701
29.0667,0.497544,0.075449
29.2667,0.507619,0.067432
29.4667,0.516296,0.0714966
29.6667,0.511592,0.104384
29.8667,0.518248,0.0732551
30.0667,0.515932,0.0746599
30.2667,0.52183,0.0665136
30.4667,0.519262,0.0688878
30.6667,0.522122,0.0634082
30.8667,0.525238,0.0501497
31.0667,0.527422,0.038
31.2667,0.52481,0.0301803
31.4667,0.535888,0.0314048
31.6667,0.53565,0.0188061
31.8667,0.532514,0.0125748
32.0667,0.530942,0.00840136
32.2667,0.528833,0.00406463
32.4667,0.531973,0.00238776
32.6667,0.529742,0.00173129
32.8667,0.529415,0.000863946
33.0667,0.522252,0.0139524
33.2667,0.533949,0.00593878
33.4667,0.544418,0.0162449
33.6667,0.563772,0.0226361
33.8667,0.57731,0.0330782
34.0667,0.579966,0.0461803
34.2667,0.592112,0.0524898
34.4667,0.587925,0.0796973
34.6667,0.574027,0.133769
34.8667,0.574527,0.0832075
35.0667,0.575759,0.0795782
35.2667,0.577034,0.0600102
35.4667,0.574772,0.0646599
35.6667,0.577908,0.061051
35.8667,0.57784,0.0597857
36.0667,0.57899,0.0613027
36.2667,0.58132,0.0611939
36.4667,0.580918,0.0773027
36.6667,0.579993,0.0600272
36.8667,0.575092,0.0506054
37.0667,0.571633,0.044102
37.2667,0.568997,0.034881
37.4667,0.569809,0.0294966
37.6667,0.564704,0.0187109
37.8667,0.568905,0.0138061
38.0667,0.571932,0.024119
38.2667,0.574408,0.0135952
38.4667,0.580762,0.0107279
38.6667,0.588884,0.0109218
38.8667,0.593633,0.0200204
39.0667,0.597827,0.0250646
39.2667,0.604653,0.0280918
39.4667,0.607153,0.0350476
39.6667,0.613327,0.0878707
39.8667,0.619082,0.061466
40.0667,0.62302,0.057051
40.2667,0.629197,0.048551
40.4667,0.636486,0.0466973
40.6667,0.644718,0.0561156
40.8667,0.653048,0.0532415
41.0667,0.65952,0.0537993
41.2667,0.665786,0.0498129
41.4667,0.677799,0.0724116
41.6667,0.683673,0.0457789
41.8667,0.686612,0.0423605
42.0667,0.688167,0.0444116
42.2667,0.690136,0.0336633
42.4667,0.688469,0.0331429
42.6667,0.686252,0.0317619
42.8667,0.681452,0.0297823
43.0667,0.68502,0.0432925
43.2667,0.687357,0.0333197
43.4667,0.689439,0.0354422
43.6667,0.691949,0.0363605
43.8667,0.693667,0.0345374
44.0667,0.695745,0.0364422
44.2667,0.697561,0.0362381
44.4667,0.698925,0.0371225
44.6667,0.706578,0.040432
44.8667,0.709687,0.0357551
45.0667,0.70933,0.0330816
45.2667,0.711041,0.0289014
45.4667,0.710765,0.0258537
45.6667,0.713714,0.0228912
45.8667,0.713762,0.0139422
46.0667,0.714459,0.0107211
46.2667,0.714827,0.0092517
46.4667,0.716493,0.0153299
46.6667,0.716714,0.0057517
46.8667,0.718935,0.00289456
47.0667,0.719582,0.00553741
47.2667,0.718357,0.00119388
47.4667,0.718007,0.00436054
47.6667,0.718497,0
47.8667,0.719048,0.00203401
48.0667,0.717793,0.0229524
48.2667,0.716361,0.000945578
48.4667,0.717306,0
48.6667,0.71619,0
48.8667,0.713694,0.00403742
49.0667,0.715361,0.00102721
49.2667,0.71831,0.00265986
49.4667,0.717483,0.00788776
49.6667,0.717769,0.0120748
49.8667,0.720476,0.00493537
50.0667,0.718265,0.00767347
50.2667,0.720983,0.00384354
50.4667,0.719782,0.00636054
50.6667,0.719418,0.00212585
50.8667,0.71835,0.00672109
51.0667,0.714806,0.00540816
51.2667,0.716133,0.00180612
51.4667,0.717531,0.0161497
51.6667,0.716214,0.00107143
51.8667,0.715466,0.00354082
52.0667,0.714969,0.00230612
52.2667,0.718228,0.000952381
52.4667,0.720779,0.00679252
52.6667,0.728126,0.00910544
52.8667,0.73418,0.0158946
53.0667,0.739398,0.0217959
53.2667,0.746112,0.0120374
53.4667,0.751122,0.0178265
53.6667,0.755588,0.0162041
53.8667,0.758153,0.0182177
54.0667,0.75882,0.0145204
54.2667,0.759075,0.0512755
54.4667,0.760765,0.00836395
54.6667,0.764289,0.0230068
54.8667,0.764211,0.0050068
55.0667,0.763755,0.00836735
55.2667,0.763884,0.00558503
55.4667,0.76431,0.00615986
55.6667,0.762384,0.00253401
55.8667,0.761367,0
56.0667,0.762514,0.00119388
56.2667,0.762054,0
56.4667,0.765963,0.00218707
56.6667,0.763735,0.00119388
56.8667,0.763027,0.00057483
57.0667,0.762524,0.00057483
57.2667,0.759728,0.00282313
57.4667,0.759677,0.000663265
57.6667,0.759075,0.000190476
57.8667,0.760473,0.00272789
58.0667,0.761677,0.00353401
58.2667,0.761578,0
58.4667,0.760242,0.000619048
58.6667,0.760799,0.0124014
58.8667,0.763272,0
59.0667,0.761357,0.000840136
59.2667,0.76317,0.00311905
59.4667,0.762265,0.00371429
59.6667,0.76198,0.00057483
59.8667,0.759844,0
60.0667,0.759721,0.00165986
60.2667,0.758092,0.0015102
60.4667,0.760823,0
60.6667,0.760558,0.00181293
60.8667,0.758605,0.00380272
61.0667,0.758058,0.00708163
61.2667,0.754449,0.00756463
61.4667,0.754408,0
61.6667,0.75435,0.00112925
61.8667,0.753799,0
62.0667,0.757276,0.00470748
62.2667,0.758235,0.00108844
62.4667,0.761609,0.00194558
62.6667,0.765827,0.00454762
62.8667,0.765524,0.00686054
63.0667,0.765252,0.00307823
63.2667,0.76549,0.00106803
63.4667,0.765558,0
63.6667,0.76969,0.00222109
63.8667,0.768667,0.000795918
64.0667,0.766585,0.00245238
64.2667,0.765415,0.00187075
64.4667,0.76585,0
64.6667,0.766514,0
64.8667,0.769201,0.00183673
65.0667,0.770925,0.00147619
65.2667,0.770412,0.00231633
65.4667,0.773194,0.00727551
65.6667,0.771197,0.00427551
65.8667,0.770503,0.00146259
66.0667,0.76702,0.00295578
66.2667,0.766775,0.00057483
66.4667,0.763571,0.00351361
66.6667,0.762728,0.00470408
66.8667,0.763388,0.00170068
67.0667,0.767616,0.004
67.2667,0.766048,0.00057483
67.4667,0.766391,0.0175442
67.6667,0.765721,0.00396599
67.8667,0.764973,0.00276531
68.0667,0.763891,0.00230612
68.2667,0.762544,0.00057483
68.4667,0.761568,0.0022449
68.6667,0.761061,0
68.8667,0.759793,0.00133673
69.0667,0.76151,0.00696259
69.2667,0.759755,0
69.4667,0.758391,0.00230612
69.6667,0.758031,0.00284354
69.8667,0.759296,0.00263946
70.0667,0.758167,0.00572449
70.2667,0.756759,0
70.4667,0.756534,0.00190476
70.6667,0.755854,0
70.8667,0.755463,0.00340816
71.0667,0.755592,0.00239796
71.2667,0.753823,0
71.4667,0.754027,0.000710884
71.6667,0.754163,0.000619048
71.8667,0.754524,0.00264966
72.0667,0.755568,0.00190476
72.2667,0.753422,0.00171429
72.4667,0.757993,0.00641156
72.6667,0.757466,0.000666667
72.8667,0.75818,0.00137075
73.0667,0.759602,0.00404422
73.2667,0.759721,0.00194898
73.4667,0.760129,0.00182313
73.6667,0.761129,0.00186054
73.8667,0.76165,0.00179252
74.0667,0.762694,0.00477551
74.2667,0.75984,0.00191837
74.4667,0.758616,0.00220748
74.6667,0.757483,0.00284354
74.8667,0.756592,0.000806122
75.0667,0.757898,0.00277891
75.2667,0.760415,0.00593197
75.4667,0.761507,0.00909184
75.6667,0.761517,0.0102925
75.8667,0.765082,0.0136224
76.0667,0.764609,0.0102619
76.2667,0.763905,0.00885714
76.4667,0.765,0.00705442
76.6667,0.762105,0.0082517
76.8667,0.75768,0.00812585
77.0667,0.755476,0.00631633
77.2667,0.757099,0.00809524
77.4667,0.763156,0.0197245
77.6667,0.76299,0.0197653
77.8667,0.758163,0.011102
78.0667,0.759463,0.00623129
78.2667,0.759194,0.00368367
78.4667,0.756204,0.00479932
78.6667,0.755204,0.0019966
78.8667,0.756969,0.00410204
79.0667,0.757282,0.0180986
79.2667,0.759082,0.00678231
79.4667,0.760388,0.00328231
79.6667,0.758912,0.00367687
79.8667,0.757466,0.00397619
80.0667,0.758361,0.000520408
80.2667,0.758143,0.00137755
80.4667,0.758374,0.00097619
80.6667,0.758616,0.000653061
80.8667,0.76017,0.00515646
81.0667,0.759422,0.00252381
81.2667,0.760418,0.00142177
81.4667,0.760554,0.000653061
81.6667,0.760398,0
81.8667,0.76316,0.00106122
82.0667,0.764854,0.0037585
82.2667,0.765844,0.0057517
82.4667,0.76248,0.0132109
82.6667,0.762595,0.000853741
82.8667,0.765565,0.00536395
83.0667,0.766912,0.0052483
83.2667,0.766915,0.00328231
83.4667,0.766837,0.00344898
83.6667,0.766643,0.00568027
83.8667,0.766109,0.00383673
84.0667,0.769344,0.0102279
84.2667,0.769878,0.00205442
84.4667,0.768711,0.00478231
84.6667,0.769173,0.00461905
84.8667,0.766197,0.00472789
85.0667,0.766626,0.00547619
85.2667,0.764694,0.0102789
85.4667,0.762071,0.00443878
85.6667,0.761245,0.00346939
85.8667,0.766133,0.0134932
86.0667,0.767054,0.0042585
86.2667,0.76952,0.00434354
86.4667,0.770347,0.0108401
86.6667,0.767779,0.00763265
86.8667,0.768711,0.0124932
87.0667,0.766384,0.00687075
87.2667,0.766187,0.00503401
87.4667,0.768725,0.0121803
87.6667,0.763507,0.0095068
87.8667,0.762602,0.00315646
88.0667,0.761568,0.0027585
88.2667,0.760592,0.00266327
88.4667,0.761218,0.00283333
88.6667,0.758864,0.00511905
88.8667,0.75801,0.000598639
89.0667,0.758643,0.00727891
89.2667,0.758963,0.00460204
89.4667,0.759986,0.00433673
89.6667,0.761929,0.00491156
89.8667,0.763541,0.00641497
90.0667,0.765459,0.00878571
90.2667,0.765095,0.00997959
90.4667,0.76584,0.0128469
90.6667,0.767034,0.0132347
90.8667,0.768997,0.0253878
91.0667,0.769194,0.0203469
91.2667,0.768102,0.0179388
91.4667,0.770238,0.0242517
91.6667,0.770942,0.0183061
91.8667,0.771139,0.015398
92.0667,0.770333,0.0169592
92.2667,0.769085,0.0131769
92.4667,0.773677,0.0142993
92.6667,0.77298,0.00956463
92.8667,0.771514,0.00867007
93.0667,0.769167,0.00857823
93.2667,0.765918,0.00794898
93.4667,0.765466,0.00663946
93.6667,0.763139,0.00782653
93.8667,0.763915,0.00545578
94.0667,0.767156,0.0196054
94.2667,0.767391,0.0052449
94.4667,0.768071,0.00866327
94.6667,0.770235,0.00859524
94.8667,0.771429,0.00880612
95.0667,0.776949,0.00928231
95.2667,0.781099,0.0162823
95.4667,0.78734,0.0257483
95.6667,0.794857,0.0278231
95.8667,0.801299,0.0501258
96.0667,0.805432,0.0651293
96.2667,0.812483,0.0683435
96.4667,0.819218,0.0802007
96.6667,0.82466,0.0936939
96.8667,0.83232,0.112442
97.0667,0.839871,0.119752
97.2667,0.846854,0.138432
97.4667,0.855078,0.140197
97.6667,0.857861,0.140282
97.8667,0.859629,0.145041
98.0667,0.861415,0.176656
98.2667,0.864816,0.204534
98.4667,0.865776,0.210054
98.6667,0.870769,0.216827
98.8667,0.871469,0.232469
99.0667,0.866765,0.250639
99.2667,0.871323,0.254874
99.4667,0.872177,0.266959
99.6667,0.869952,0.270793
99.8667,0.872609,0.283167
100.067,0.870918,0.284126
100.267,0.860286,0.284347
100.467,0.860344,0.312633
100.667,0.862221,0.299799
100.867,0.857275,0.314922
101.067,0.832769,0.40931
101.267,0.823075,0.331167
101.467,0.793296,0.41248
101.667,0.785364,0.327289
101.867,0.783813,0.326918
102.067,0.774888,0.330864
102.267,0.764687,0.344969
102.467,0.764656,0.35185
102.667,0.762245,0.364878
102.867,0.759541,0.366663
103.067,0.76031,0.374296
103.267,0.746986,0.385735
103.467,0.720078,0.444592
103.667,0.720898,0.385452
103.867,0.720194,0.385796
104.067,0.719276,0.405412
104.267,0.710221,0.370429
104.467,0.708901,0.361929
104.667,0.71301,0.366476
104.867,0.716122,0.387942
105.067,0.71751,0.381602
105.267,0.722888,0.392105
105.467,0.719017,0.407663
105.667,0.721276,0.413816
105.867,0.722408,0.429602
106.067,0.725813,0.438714
106.267,0.732728,0.443786
106.467,0.743578,0.449136
106.667,0.750003,0.460554
106.867,0.752619,0.472551
107.067,0.761745,0.485551
107.267,0.771374,0.501558
107.467,0.759102,0.523514
107.667,0.741554,0.526058
107.867,0.732177,0.503269
108.067,0.71998,0.496874
108.267,0.707813,0.485014
108.467,0.704565,0.491483
108.667,0.713367,0.486687
108.867,0.724806,0.482231
109.067,0.71602,0.514357
109.267,0.709891,0.492439
109.467,0.706071,0.492323
109.667,0.705653,0.478282
109.867,0.701225,0.470942
110.067,0.690456,0.449711
110.267,0.691105,0.424177
110.467,0.690867,0.427242
110.667,0.69402,0.431204
110.867,0.695663,0.44919
111.067,0.686099,0.445949
111.267,0.681997,0.460854
111.467,0.681551,0.469327
111.667,0.682973,0.462286
111.867,0.690881,0.462922
112.067,0.697265,0.444602
112.267,0.705554,0.446929
112.467,0.712214,0.458299
112.667,0.725514,0.450364
112.867,0.742925,0.437915
113.067,0.761102,0.427622
113.267,0.782765,0.407207
113.467,0.793837,0.414398
113.667,0.795184,0.398214
113.867,0.788677,0.406969
114.067,0.777813,0.414476
114.267,0.776711,0.41316
114.467,0.762782,0.417888
114.667,0.740507,0.40984
114.867,0.723286,0.405381
115.067,0.720534,0.397952
115.267,0.712663,0.391153
115.467,0.680884,0.463854
115.667,0.664503,0.468156
115.867,0.634793,0.525071
116.067,0.614014,0.450973
116.267,0.591694,0.442762
116.467,0.57018,0.387908
116.667,0.562789,0.514364
116.867,0.554058,0.453993
117.067,0.551092,0.407456
117.267,0.537759,0.391293
117.467,0.524323,0.389514
117.667,0.518503,0.391211
117.867,0.517272,0.384354
118.067,0.515677,0.399187
118.267,0.512119,0.39399
118.467,0.505361,0.385153
118.667,0.500099,0.378684
118.867,0.494806,0.375327
119.067,0.479231,0.394575
119.267,0.467119,0.354
119.467,0.455765,0.33932
119.667,0.445323,0.329112
119.867,0.444024,0.330303
120.067,0.441177,0.341374
120.267,0.434211,0.348721
120.467,0.430401,0.352762
120.667,0.426071,0.364231
120.867,0.417037,0.37568
121.067,0.404088,0.373378
121.267,0.396745,0.3825
121.467,0.397122,0.382316
121.667,0.40067,0.375871
121.867,0.396238,0.361779
122.067,0.390847,0.379095
122.267,0.382847,0.365847
122.467,0.369918,0.382769
122.667,0.356871,0.344282
122.867,0.345058,0.331031
123.067,0.320085,0.295993
123.267,0.301847,0.286986
123.467,0.280602,0.262207
123.667,0.265401,0.253211
123.867,0.260616,0.249493
124.067,0.256493,0.279728
124.267,0.239197,0.262915
124.467,0.235599,0.26167
124.667,0.245622,0.254966
124.867,0.254177,0.243697
125.067,0.264371,0.246105
125.267,0.288694,0.254636
125.467,0.314252,0.269561
125.667,0.350677,0.298452
125.867,0.398782,0.303568
126.067,0.430296,0.306782
126.267,0.455514,0.311759
126.467,0.485398,0.333378
126.667,0.528384,0.382122
126.867,0.554976,0.370048
127.067,0.555446,0.409054
127.267,0.550827,0.416452
127.467,0.53485,0.425537
127.667,0.509405,0.396248
127.867,0.485112,0.382626
128.067,0.454755,0.357952
128.267,0.430765,0.359983
128.467,0.401456,0.419408
128.667,0.374286,0.326044
128.867,0.347486,0.392765
129.067,0.321129,0.320173
129.267,0.304758,0.292255
129.467,0.284636,0.279034
129.667,0.270541,0.226735
129.867,0.241558,0.221571
130.067,0.221952,0.204214
130.267,0.189939,0.187265
130.467,0.167442,0.151153
130.667,0.145633,0.132017
130.867,0.129112,0.137619
131.067,0.110973,0.115575
131.267,0.0886497,0.115483
131.467,0.0661905,0.105827
131.667,0.0583605,0.0782653
131.867,0.0434048,0.0573435
132.067,0.0381395,0.0344592
132.267,0.0443435,0.0230204
132.467,0.0412789,0.0247415
132.667,0.035449,0.00254082
132.867,0.0327687,0.000309524
133.067,0.0194286,0.0017483
133.267,0.0179388,0.00293878
133.467,0.0550816,0.0245102
133.667,0.109544,0.0487925
133.867,0.161755,0.0655986
134.067,0.318789,0.0921905
134.267,0.342782,0.146187
134.467,0.367551,0.250422
134.667,0.388381,0.257534
134.867,0.412388,0.218333
135.067,0.442976,0.241554
135.267,0.449568,0.27852
135.467,0.447864,0.300398
135.667,0.420435,0.298565
135.867,0.382218,0.362939
136.067,0.354643,0.2725
136.267,0.328517,0.348588
136.467,0.303677,0.221983
136.667,0.286895,0.23469
136.867,0.258357,0.235735
137.067,0.229884,0.205214
137.267,0.197728,0.191102
137.467,0.183469,0.184354
137.667,0.155738,0.148218
137.867,0.138524,0.120694
138.067,0.129554,0.111211
138.267,0.10533,0.102922
138.467,0.0869014,0.0862857
138.667,0.0765476,0.090619
138.867,0.0663537,0.0570306
139.067,0.0862857,0.0442619
139.267,0.0850306,0.0204422
139.467,0.0822483,0.00329592
139.667,0.0858265,0.00597619
139.867,0.090068,0.00427891
140.067,0.10302,0.015898
140.267,0.118092,0.0293265
140.467,0.139262,0.0376633
140.667,0.161942,0.0457279
140.867,0.192323,0.101463
141.067,0.196779,0.218636
141.267,0.20851,0.289741
141.467,0.235378,0.164986
141.667,0.263153,0.260452
141.867,0.295976,0.233248
142.067,0.316983,0.156163
142.267,0.327456,0.13783
142.467,0.338758,0.178605
142.667,0.337476,0.143034
142.867,0.329735,0.157201
143.067,0.324102,0.163857
143.267,0.314898,0.166384
143.467,0.298901,0.237881
143.667,0.312786,0.268327
143.867,0.325037,0.267949
144.067,0.326146,0.271816
144.267,0.327017,0.26217
144.467,0.319279,0.258054
144.667,0.309269,0.25185
144.867,0.288531,0.229867
145.067,0.264493,0.261354
145.267,0.240463,0.19148
145.467,0.21116,0.228656
145.667,0.187381,0.209779
145.867,0.181238,0.15501
146.067,0.155255,0.129388
146.267,0.138901,0.108395
146.467,0.121881,0.0932415
146.667,0.114888,0.0798775
146.867,0.106912,0.0644524
147.067,0.101446,0.0487449
147.267,0.0992007,0.035119
147.467,0.140793,0.0372857
147.667,0.135997,0.0203605
147.867,0.135092,0.0142381
148.067,0.135408,0.00910544
148.267,0.134143,0.0138367
148.467,0.139466,0.00973129
148.667,0.141806,0.0107551
148.867,0.139129,0.00871769
149.067,0.151827,0.0153265
149.267,0.149759,0.0119456
149.467,0.150493,0.0120136
149.667,0.149871,0.011619
149.867,0.150211,0.0127993
150.067,0.150442,0.0147143
150.267,0.150724,0.0148707
150.467,0.144684,0.0142925
150.667,0.148333,0.0141395
150.867,0.148391,0.015466
151.067,0.160871,0.0198435
151.267,0.18402,0.0432279
151.467,0.197956,0.0596565
151.667,0.205932,0.0775408
151.867,0.214663,0.0984728
152.067,0.21783,0.113531
152.267,0.220211,0.116207
152.467,0.256058,0.129735
152.667,0.245861,0.121939
152.867,0.241752,0.121146
153.067,0.23982,0.123347
153.267,0.247153,0.129262
153.467,0.252231,0.14066
153.667,0.247622,0.152864
153.867,0.242884,0.153813
154.067,0.238156,0.172514
154.267,0.221459,0.155527
154.467,0.203537,0.159602
154.667,0.193973,0.147735
154.867,0.18399,0.146963
155.067,0.182534,0.124007
155.267,0.172037,0.112673
155.467,0.160854,0.105575
155.667,0.149452,0.0918674
155.867,0.171721,0.0909898
156.067,0.155677,0.0799898
156.267,0.148514,0.0601156
156.467,0.144973,0.0524626
156.667,0.145085,0.0497823
156.867,0.142867,0.0492483
157.067,0.143224,0.0469864
157.267,0.140143,0.0399524
157.467,0.171949,0.0395272
157.667,0.168816,0.0330272
157.867,0.16935,0.0241395
158.067,0.16882,0.0276361
158.267,0.167568,0.0267449
158.467,0.163707,0.0242313
158.667,0.152867,0.0252993
158.867,0.151867,0.0296735
159.067,0.221442,0.0636497
159.267,0.234643,0.0857109
159.467,0.204446,0.210861
159.667,0.165673,0.256799
159.867,0.145289,0.157718
160.067,0.136316,0.136514
160.267,0.139143,0.133235
160.467,0.140048,0.12616
160.667,0.144466,0.152878
160.867,0.144711,0.13001
161.067,0.136901,0.13981
161.267,0.122231,0.109799
161.467,0.12369,0.0900306
161.667,0.10831,0.0658095
161.867,0.0961837,0.0561429
162.067,0.0916803,0.0391531
162.267,0.119918,0.0428435
162.467,0.217367,0.0656769
162.667,0.218371,0.075017
162.867,0.222435,0.0824422
163.067,0.225884,0.0783367
163.267,0.22817,0.0812483
163.467,0.221235,0.0812313
163.667,0.210463,0.0811769
163.867,0.209034,0.081449
164.067,0.21166,0.0798537
164.267,0.198663,0.0762075
164.467,0.185007,0.0678537
164.667,0.174014,0.0711531
164.867,0.166973,0.0579762
165.067,0.163211,0.0491667
165.267,0.162867,0.0503571
165.467,0.158129,0.0486327
165.667,0.16166,0.0416939
165.867,0.19067,0.0330102
166.067,0.190449,0.0309048
166.267,0.192765,0.0270442
166.467,0.188707,0.0287993
166.667,0.184486,0.0292075
166.867,0.181694,0.0305918
167.067,0.17968,0.0287143
167.267,0.187048,0.045551
167.467,0.220745,0.0694388
167.667,0.235878,0.0944048
167.867,0.230806,0.122095
168.067,0.217143,0.133721
168.267,0.19001,0.184082
168.467,0.175694,0.139282
168.667,0.170486,0.136146
168.867,0.171544,0.132816
169.067,0.162156,0.15034
169.267,0.158449,0.133997
169.467,0.164439,0.16066
169.667,0.17318,0.140065
169.867,0.193014,0.155439
170.067,0.20301,0.135092
170.267,0.192463,0.128823
170.467,0.177612,0.110633
170.667,0.173282,0.0927755
170.867,0.217303,0.0909694
171.067,0.195432,0.0622109
171.267,0.185929,0.0443571
171.467,0.179306,0.027915
171.667,0.174759,0.0113129
171.867,0.175891,0.00407823
172.067,0.180126,0
172.267,0.17834,0
172.467,0.179986,0.00543537
172.667,0.178531,0
172.867,0.178568,0
173.067,0.183245,0
173.267,0.184269,0
173.467,0.18267,0
173.667,0.183024,0
173.867,0.184384,0
174.067,0.211041,0.00440816
174.267,0.207126,0
174.467,0.20948,0
174.667,0.209221,0
174.867,0.209211,0
175.067,0.230735,0.0176871
175.267,0.253534,0.0392245
175.467,0.25834,0.0603367
175.667,0.263595,0.0736939
175.867,0.291592,0.0899456
176.067,0.320469,0.113241
176.267,0.35266,0.15219
176.467,0.358619,0.190554
176.667,0.332316,0.258915
176.867,0.28949,0.357861
177.067,0.278364,0.273112
177.267,0.281017,0.276925
177.467,0.274452,0.294136
177.667,0.267218,0.287724
177.867,0.263609,0.281759
178.067,0.260942,0.275293
178.267,0.262871,0.269939
178.467,0.256156,0.265578
178.667,0.249799,0.264772
178.867,0.240204,0.277609
179.067,0.251194,0.277429
179.267,0.244007,0.213755
179.467,0.225714,0.185622
179.667,0.20566,0.167952
179.867,0.186507,0.156524
180.067,0.164925,0.135524
180.267,0.152799,0.128714
180.467,0.143704,0.118034
180.667,0.13134,0.10269
180.867,0.137075,0.0893265
181.067,0.128082,0.060915
181.267,0.120585,0.0557891
181.467,0.123864,0.0587211
181.667,0.128765,0.0462177
181.867,0.144425,0.0532245
182.067,0.161534,0.0616871
182.267,0.177037,0.071381
182.467,0.240864,0.100724
182.667,0.244721,0.0868061
182.867,0.248054,0.0835102
183.067,0.253493,0.0742347
183.267,0.260551,0.0785714
183.467,0.26951,0.0882721
183.667,0.271548,0.0883129
183.867,0.278554,0.0894524
184.067,0.329745,0.093449
184.267,0.333918,0.0884864
184.467,0.327048,0.0808707
184.667,0.319878,0.0693639
184.867,0.320218,0.0682279
185.067,0.320129,0.0655952
185.267,0.319207,0.0616122
185.467,0.325905,0.0607993
185.667,0.325476,0.0632585
185.867,0.335507,0.0638912
186.067,0.335432,0.049915
186.267,0.335531,0.0483265
186.467,0.329728,0.0395272
186.667,0.335119,0.0304116
186.867,0.333364,0.0265136
187.067,0.333071,0.021068
187.267,0.334993,0.0173061
187.467,0.328935,0.0173571
187.667,0.325932,0.0072415
187.867,0.330578,0.00548639
188.067,0.330452,0.00412585
188.267,0.33649,0.00393878
188.467,0.335367,0.00322789
188.667,0.336976,0.00206463
188.867,0.336248,0.000714286
189.067,0.338758,0.0072483
189.267,0.337959,0.00355102
189.467,0.342255,0.00598639
189.667,0.340718,0.00959524
189.867,0.343871,0.00680612
190.067,0.345728,0.0118129
190.267,0.349806,0.0125476
190.467,0.346857,0.0146088
190.667,0.350391,0.0134456
190.867,0.374762,0.0119898
191.067,0.376694,0.0094898
191.267,0.370908,0.0125578
191.467,0.373871,0.0113333
191.667,0.372034,0.0104762
191.867,0.379139,0.0126803
192.067,0.384677,0.0192585
192.267,0.388466,0.0277279
192.467,0.388503,0.0433129
192.667,0.396731,0.0378367
192.867,0.39215,0.0399898
193.067,0.39235,0.0321905
193.267,0.392354,0.0275918
193.467,0.391582,0.0260646
193.667,0.386037,0.0234184
193.867,0.381922,0.0225238
194.067,0.384983,0.0284048
194.267,0.38202,0.0161463
194.467,0.377976,0.0144728
194.667,0.376752,0.018881
194.867,0.37999,0.0194116
195.067,0.379429,0.015585
195.267,0.377289,0.0173265
195.467,0.38283,0.0202449
195.667,0.38131,0.0177381
195.867,0.37535,0.0288163
196.067,0.37984,0.0123537
196.267,0.390997,0.0166973
196.467,0.405718,0.0257313
196.667,0.425759,0.0387007
196.867,0.436456,0.0403061
197.067,0.429207,0.0395782
197.267,0.404524,0.0851361
197.467,0.352143,0.253551
197.667,0.357517,0.105599
197.867,0.361221,0.15981
198.067,0.367054,0.0626939
198.267,0.37533,0.123762
198.467,0.379918,0.048551
198.667,0.385833,0.0440952
198.867,0.390554,0.078915
199.067,0.398354,0.0983537
199.267,0.410401,0.0611667
199.467,0.42316,0.118432
199.667,0.437398,0.0830918
199.867,0.452867,0.105772
200.067,0.462898,0.125793
200.267,0.47333,0.106347
200.467,0.493034,0.109486
200.667,0.507956,0.106401
200.867,0.53049,0.124361
201.067,0.555163,0.108952
201.267,0.569041,0.11216
201.467,0.582156,0.100259
201.667,0.587952,0.0953775
201.867,0.592929,0.0959184
202.067,0.601211,0.0940646
202.267,0.604891,0.0936327
202.467,0.606507,0.113435
202.667,0.594585,0.13484
202.867,0.59685,0.0863878
203.067,0.597381,0.0854082
203.267,0.599388,0.0884966
203.467,0.594779,0.0812313
203.667,0.596204,0.0716088
203.867,0.610194,0.0766293
204.067,0.623367,0.0968061
204.267,0.637517,0.0779762
204.467,0.64898,0.0816497
204.667,0.65599,0.0858401
204.867,0.656371,0.0919388
205.067,0.659361,0.0912959
205.267,0.660915,0.0861463
205.467,0.669432,0.0886599
205.667,0.677327,0.0974184
205.867,0.687347,0.117901
206.067,0.698378,0.10568
206.267,0.703092,0.0961361
206.467,0.698204,0.091432
206.667,0.692636,0.0869932
206.867,0.689816,0.0874626
207.067,0.686735,0.0786293
207.267,0.685272,0.0645
207.467,0.681714,0.0632381
207.667,0.678918,0.0506735
207.867,0.676027,0.0506054
208.067,0.673775,0.039915
208.267,0.67149,0.0348401
208.467,0.677303,0.0280952
208.667,0.681163,0.0257993
208.867,0.687276,0.0296803
209.067,0.690279,0.0303061
209.267,0.69067,0.0314048
209.467,0.694432,0.0225442
209.667,0.698201,0.0257517
209.867,0.700014,0.0258129
210.067,0.706711,0.0209422
210.267,0.712531,0.0203197
210.467,0.715497,0.0253639
210.667,0.717531,0.0192143
210.867,0.72219,0.0282755
211.067,0.718772,0.0123912
211.267,0.718065,0.0113401
211.467,0.715684,0.00457823
211.667,0.716228,0.013085
211.867,0.718122,0.0123946
212.067,0.724918,0.0133265
212.267,0.731731,0.0242721
212.467,0.743636,0.034398
212.667,0.748605,0.0243946
212.867,0.757755,0.0259864
213.067,0.760272,0.0181633
213.267,0.756993,0.0142585
213.467,0.758364,0.00854422
213.667,0.75965,0.00802041
213.867,0.759714,0.00862585
214.067,0.761003,0.018085
214.267,0.762548,0.00436395
214.467,0.761371,0.00645918
214.667,0.763486,0.00419728
214.867,0.765432,0.00739456
215.067,0.764745,0.0109388
215.267,0.766857,0.0157075
215.467,0.767449,0.0118503
215.667,0.766663,0.00760884
215.867,0.77065,0.0101531
216.067,0.770612,0.0064898
216.267,0.770463,0.00491497
216.467,0.770296,0.00540816
216.667,0.770476,0.0044898
216.867,0.770248,0.00527551
217.067,0.768748,0.00934014
217.267,0.771048,0.00398299
217.467,0.771167,0.0141803
217.667,0.76966,0.000741497
217.867,0.767371,0.0032415
218.067,0.769388,0.00386054
218.267,0.771561,0.00495238
218.467,0.773221,0.00520068
218.667,0.772286,0.00194218
218.867,0.771,0.0029898
219.067,0.769289,0.0138844
219.267,0.767003,0.00394218
219.467,0.765881,0.00343197
219.667,0.767425,0.000962585
219.867,0.766258,0.000931973
220.067,0.764347,0.00193878
220.267,0.764347,0.00133333
220.467,0.765473,0.00057483
220.667,0.766432,0.0022585
220.867,0.765963,0.00994898
221.067,0.765418,0.00534354
221.267,0.765269,0.00460544
221.467,0.763061,0.00828571
221.667,0.761922,0.00765646
221.867,0.763024,0.00829592
222.067,0.763367,0.0054966
222.267,0.762949,0.00544218
222.467,0.762663,0.00766327
222.667,0.760796,0.0109796
222.867,0.761248,0.00712925
223.067,0.759891,0.0106939
223.267,0.759071,0.00754422
223.467,0.757626,0.0101633
223.667,0.75834,0.0119422
223.867,0.758276,0.0104626
224.067,0.760452,0.0159252
224.267,0.758065,0.0092517
224.467,0.757,0.0136905
224.667,0.752772,0.0084898
224.867,0.75134,0.00944558
225.067,0.748503,0.00595918
225.267,0.748048,0.00146599
225.467,0.748354,0.0015068
225.667,0.748486,0.00119388
225.867,0.749993,0.00709524
226.067,0.748922,0.00414286
226.267,0.747935,0.00255102
226.467,0.749425,0
226.667,0.751534,0.000758503
226.867,0.752364,0.00223469
227.067,0.755571,0.000840136
227.267,0.755861,0
227.467,0.752248,0.00430952
227.667,0.752293,0.00114966
227.867,0.751847,0
228.067,0.751449,0
228.267,0.749602,0
228.467,0.750105,0.00057483
228.667,0.750327,0
228.867,0.749527,0.0022483
229.067,0.758316,0.021483
229.267,0.757085,0.0012381
229.467,0.757225,0
229.667,0.757721,0
229.867,0.756803,0.000619048
230.067,0.756901,0
230.267,0.756187,0
230.467,0.755037,0.000755102
230.667,0.755102,0
230.867,0.759231,0.00307483
231.067,0.759782,0
231.267,0.755133,0.00480272
231.467,0.752687,0.00740136
231.667,0.750395,0.00411225
231.867,0.750204,0.00111224
232.067,0.749122,0.00085034
232.267,0.748003,0.00293878
232.467,0.752531,0.00414626
232.667,0.750575,0.0022449
232.867,0.750422,0.00106122
233.067,0.750493,0.00221769
233.267,0.750221,0.000333333
233.467,0.750884,0.00213265
233.667,0.751439,0.00152721
233.867,0.751061,0.0024932
234.067,0.754388,0.00214626
234.267,0.754109,0
234.467,0.754435,0
234.667,0.754031,0.000380952
234.867,0.754449,0
235.067,0.752772,0.000751701
235.267,0.751792,0
235.467,0.751554,0
235.667,0.750697,0
235.867,0.751371,0.00113605
236.067,0.750177,0
236.267,0.750803,0
236.467,0.752405,0
236.667,0.753007,0
236.867,0.752864,0
237.067,0.753939,0
237.267,0.752884,0
237.467,0.75452,0.00437075
237.667,0.753395,0
237.867,0.750942,0
238.067,0.754918,0.00829592
238.267,0.756316,0
238.467,0.757653,0
238.667,0.757357,0
238.867,0.756942,0
239.067,0.755483,0
239.267,0.755007,0.000704082
239.467,0.754432,0.00123129
239.667,0.753762,0.00745238
239.867,0.753969,0
240.067,0.752803,0.00459184
240.267,0.752748,0.00214626
240.467,0.753633,0.000806122
240.667,0.754065,0
240.867,0.755663,0.00191497
241.067,0.757765,0.00286395
241.267,0.763595,0.0037551
241.467,0.772313,0.0107585
241.667,0.771582,0.00952381
241.867,0.770456,0.00797619
242.067,0.77098,0.00471769
242.267,0.774867,0.00460544
242.467,0.774789,0.00509864
242.667,0.776041,0.00535034
242.867,0.775939,0.00702041
243.067,0.774888,0.0116565
243.267,0.773633,0.00513946
243.467,0.772231,0.00501701
243.667,0.772177,0.00434354
243.867,0.773422,0.00404762
244.067,0.770997,0.00456463
244.267,0.76733,0.00358844
244.467,0.764415,0.00557823
244.667,0.766252,0.00497619
244.867,0.763905,0.00838775
245.067,0.763796,0.00745918
245.267,0.76369,0.00861225
245.467,0.760993,0.00893537
245.667,0.761929,0.00480272
245.867,0.759435,0.00439116
246.067,0.759112,0.000428571
246.267,0.760347,0.00128231
246.467,0.759262,0.004
246.667,0.758476,0.00370068
246.867,0.76031,0.00569388
247.067,0.757548,0.00877211
247.267,0.759565,0.0142619
247.467,0.758486,0.0087551
247.667,0.758378,0.013932
247.867,0.760364,0.0165884
248.067,0.76017,0.0158265
248.267,0.757966,0.0160068
248.467,0.755827,0.0140102
248.667,0.754718,0.0121973
248.867,0.751367,0.00698639
249.067,0.750663,0.00928231
249.267,0.748381,0.00563605
249.467,0.748398,0.00595238
249.667,0.74567,0.0050102
249.867,0.744871,0.00472789
250.067,0.745252,0.00469388
250.267,0.743058,0.00094898
250.467,0.742544,0
250.667,0.740306,0.00309864
250.867,0.739204,0.00523469
251.067,0.738742,0.00384694
251.267,0.738813,0.00895578
251.467,0.739697,0.0118401
251.667,0.741541,0.00634014
251.867,0.741408,0.00807823
252.067,0.741711,0.010381
252.267,0.742949,0.0128639
252.467,0.744588,0.0118537
252.667,0.747374,0.0101735
252.867,0.748534,0.0103401
253.067,0.751429,0.0123095
253.267,0.754286,0.0147415
253.467,0.75384,0.0181701
253.667,0.752561,0.0199286
253.867,0.752636,0.0156701
254.067,0.752759,0.0212143
254.267,0.752789,0.00763946
254.467,0.752908,0.00819728
254.667,0.76185,0.0586327
254.867,0.761588,0.003
255.067,0.763935,0.00244558
255.267,0.764354,0.0020034
255.467,0.763755,0.00126531
255.667,0.764803,0.000823129
255.867,0.765146,0.00162585
256.067,0.765588,0.00186395
256.267,0.765,0.00140816
256.467,0.77032,0.00627891
256.667,0.769575,0.00409864
256.867,0.768105,0.0032517
257.067,0.766878,0.00296939
257.267,0.767238,0.00441837
257.467,0.766857,0.00159184
257.667,0.768286,0.00506803
257.867,0.76932,0.00955102
258.067,0.771827,0.00693197
258.267,0.771262,0.00057483
258.467,0.768259,0.000751701
258.667,0.768514,0.00509524
258.867,0.766541,0.00703742
259.067,0.764435,0.00709524
259.267,0.763405,0.00294218
259.467,0.763031,0.00406463
259.667,0.765153,0.0167721
259.867,0.766548,0.0177109
260.067,0.765636,0.0136973
260.267,0.766582,0.0138571
260.467,0.766721,0.0147687
260.667,0.766241,0.00741837
260.867,0.763003,0.0059898
261.067,0.764156,0.00720408
261.267,0.763823,0.00828231
261.467,0.766966,0.00926871
261.667,0.764371,0.00694558
261.867,0.763718,0.00545578
262.067,0.762857,0.00643537
262.267,0.762167,0.00964286
262.467,0.763537,0.00558163
262.667,0.763534,0.00694218
262.867,0.762973,0.00688435
263.067,0.765935,0.00539796
263.267,0.764905,0.000619048
263.467,0.766289,0.00719048
263.667,0.76383,0.00186735
263.867,0.764177,0.00461224
264.067,0.764769,0.0092585
264.267,0.763602,0.0143401
264.467,0.763952,0.00853742
264.667,0.770582,0.0107211
264.867,0.770476,0.000751701
265.067,0.770248,0.00109524
265.267,0.770374,0.00341837
265.467,0.766905,0.0155714
265.667,0.766061,0.0109354
265.867,0.766612,0.0131599
266.067,0.766541,0.0105272
266.267,0.766357,0
266.467,0.770116,0.00346939
266.667,0.768915,0.000952381
266.867,0.767313,0.00223469
267.067,0.768299,0.00689456
267.267,0.76666,0.00109184
267.467,0.766765,0.00162585
267.667,0.765827,0.000333333
267.867,0.765997,0.00662245
268.067,0.768259,0.00557143
268.267,0.767803,0.013881
268.467,0.766895,0.0117517
268.667,0.76599,0.0113401
268.867,0.765796,0.0156088
269.067,0.765605,0.016932
269.267,0.766133,0.0191701
269.467,0.765922,0.0178605
269.667,0.768214,0.0224524
269.867,0.766711,0.00748299
270.067,0.766534,0.000666667
270.267,0.76566,0.00370748
270.467,0.767187,0.00085034
270.667,0.768027,0.00670748
270.867,0.766289,0.00947279
271.067,0.767395,0.010466
271.267,0.768078,0.00879252
271.467,0.77533,0.0307109
271.667,0.777398,0.0090034
271.867,0.775497,0.00495578
272.067,0.773963,0.00472109
272.267,0.776054,0.00602381
272.467,0.777041,0.00660204
272.667,0.776238,0.00994558
272.867,0.774306,0.0123061
273.067,0.778585,0.0124898
273.267,0.777204,0.00646939
273.467,0.778041,0.00717007
273.667,0.773398,0.0101156
273.867,0.77115,0.0074966
274.067,0.771588,0.00272789
274.267,0.770861,0.0024932
274.467,0.770153,0.0075068
274.667,0.772942,0.00796259
274.867,0.773245,0.00323469
275.067,0.773139,0.00258503
275.267,0.775099,0.00807483
275.467,0.776422,0.00607483
275.667,0.776653,0.00394558
275.867,0.777378,0.00467347
276.067,0.777935,0.00114966
276.267,0.780517,0.00148639
276.467,0.786571,0.00597619
276.667,0.788724,0.00769048
276.867,0.791071,0.0100034
277.067,0.79499,0.0169762
277.267,0.799517,0.0156395
277.467,0.803833,0.0268197
277.667,0.806891,0.0258707
277.867,0.811765,0.0245986
278.067,0.82085,0.0347075
278.267,0.829014,0.0425068
278.467,0.840139,0.0585748
278.667,0.852184,0.0857007
278.867,0.855568,0.100673
279.067,0.860769,0.0947313
279.267,0.865878,0.104422
279.467,0.871731,0.109745
279.667,0.874259,0.130286
279.867,0.880116,0.125034
280.067,0.887082,0.129748
280.267,0.889173,0.144252
280.467,0.891748,0.155463
280.667,0.900235,0.194262
280.867,0.906473,0.219024
281.067,0.914704,0.266595
281.267,0.922442,0.283912
281.467,0.928435,0.310565
281.667,0.92835,0.323112
281.867,0.918527,0.326884
282.067,0.914966,0.321469
282.267,0.91048,0.32565
282.467,0.897881,0.335456
282.667,0.853333,0.442935
282.867,0.818476,0.440742
283.067,0.806629,0.377973
283.267,0.775823,0.449014
283.467,0.780088,0.394701
283.667,0.768395,0.483724
283.867,0.768439,0.436
284.067,0.757133,0.495473
284.267,0.750833,0.465622
284.467,0.74752,0.453075
284.667,0.740395,0.461565
284.867,0.751602,0.464633
285.067,0.75181,0.460092
285.267,0.760344,0.469061
285.467,0.760255,0.479201
285.667,0.762044,0.474282
285.867,0.761258,0.477201
286.067,0.765146,0.482952
286.267,0.755469,0.527857
286.467,0.758279,0.483153
286.667,0.76998,0.466837
286.867,0.78181,0.47749
287.067,0.792507,0.476752
287.267,0.793517,0.470561
287.467,0.783279,0.477891
287.667,0.786939,0.474728
287.867,0.774602,0.517932
288.067,0.757592,0.495707
288.267,0.753541,0.531796
288.467,0.743122,0.481031
288.667,0.734986,0.493354
288.867,0.727344,0.469466
289.067,0.722728,0.456544
289.267,0.707959,0.451755
289.467,0.714803,0.430265
289.667,0.706316,0.479605
289.867,0.709759,0.434194
290.067,0.712575,0.427755
290.267,0.707568,0.418524
290.467,0.700112,0.408935
290.667,0.692265,0.411173
290.867,0.684252,0.413503
291.067,0.681235,0.406956
291.267,0.682276,0.413231
291.467,0.678031,0.407466
291.667,0.67301,0.419898
291.867,0.666371,0.401367
292.067,0.66349,0.439823
292.267,0.655986,0.41031
292.467,0.648585,0.42751
292.667,0.641548,0.444776
292.867,0.638667,0.438721
293.067,0.626878,0.505177
293.267,0.611993,0.460776
293.467,0.600037,0.442112
293.667,0.587218,0.451245
293.867,0.572959,0.447293
294.067,0.564639,0.480507
294.267,0.555905,0.441003
294.467,0.557772,0.444905
294.667,0.554796,0.467463
294.867,0.565952,0.472296
295.067,0.580109,0.486932
295.267,0.586347,0.491027
295.467,0.598956,0.49282
295.667,0.605255,0.484374
295.867,0.608946,0.477374
296.067,0.615694,0.47202
296.267,0.622663,0.474048
296.467,0.645463,0.468942
296.667,0.667289,0.460354
296.867,0.685173,0.452272
297.067,0.706823,0.44966
297.267,0.715153,0.44116
297.467,0.713677,0.441088
297.667,0.707078,0.451796
297.867,0.717262,0.444561
298.067,0.71183,0.461833
298.267,0.721932,0.456476
298.467,0.717259,0.486238
298.667,0.709456,0.511354
298.867,0.691932,0.524197
299.067,0.663245,0.461952
299.267,0.636034,0.53981
299.467,0.625935,0.46669
299.667,0.618602,0.500602
299.867,0.625534,0.474112
300.067,0.629235,0.474912
300.267,0.638197,0.467857
300.467,0.646786,0.458514
300.667,0.654639,0.471078
300.867,0.660568,0.476673
301.067,0.669248,0.48001
301.267,0.669929,0.501796
301.467,0.674585,0.506024
301.667,0.687561,0.48768
301.867,0.707942,0.481327
302.067,0.736105,0.461337
302.267,0.736041,0.476759
302.467,0.721381,0.469633
302.667,0.705452,0.448966
302.867,0.681456,0.450439
303.067,0.654364,0.455946
303.267,0.652102,0.440969
303.467,0.641891,0.45468
303.667,0.650214,0.467037
303.867,0.630316,0.558758
304.067,0.634275,0.474793
304.267,0.643085,0.488793
304.467,0.635915,0.545905
304.667,0.628364,0.483068
304.867,0.624136,0.526684
305.067,0.622105,0.462418
305.267,0.606827,0.452983
305.467,0.599578,0.454571
305.667,0.593401,0.450459
305.867,0.588922,0.44316
306.067,0.58902,0.437177
306.267,0.591718,0.414765
306.467,0.581592,0.434503
306.667,0.574779,0.417534
306.867,0.561816,0.434163
307.067,0.549429,0.419347
307.267,0.54348,0.42282
307.467,0.535643,0.41035
307.667,0.514031,0.397293
307.867,0.498578,0.392071
308.067,0.478772,0.386786
308.267,0.463905,0.440473
308.467,0.446357,0.363252
308.667,0.44881,0.367861
308.867,0.453316,0.360269
309.067,0.450939,0.370684
309.267,0.461367,0.361099
309.467,0.469813,0.380173
309.667,0.484293,0.413779
309.867,0.497554,0.397439
310.067,0.504599,0.409442
310.267,0.504082,0.397364
310.467,0.504085,0.40565
310.667,0.486973,0.42516
310.867,0.470782,0.393963
311.067,0.460061,0.395211
311.267,0.451245,0.396245
311.467,0.446956,0.396687
311.667,0.431405,0.386367
311.867,0.405718,0.421065
312.067,0.382398,0.431258
312.267,0.375724,0.367092
312.467,0.369714,0.416048
312.667,0.366966,0.329558
312.867,0.367,0.317884
313.067,0.369558,0.331554
313.267,0.369211,0.325656
313.467,0.372969,0.327078
313.667,0.379993,0.331663
313.867,0.389684,0.351582
314.067,0.401027,0.341905
314.267,0.423803,0.344534
314.467,0.452854,0.369337
314.667,0.458429,0.401616
314.867,0.455949,0.41333
315.067,0.464221,0.42202
315.267,0.471537,0.422806
315.467,0.460265,0.451126
315.667,0.451333,0.418854
315.867,0.443327,0.417789
316.067,0.437653,0.404741
316.267,0.433677,0.386888
316.467,0.416401,0.456956
316.667,0.396731,0.454626
316.867,0.38419,0.370265
317.067,0.362912,0.416935
317.267,0.336986,0.343221
317.467,0.314561,0.367333
317.667,0.292816,0.291782
317.867,0.272214,0.276748
318.067,0.262612,0.255554
318.267,0.241265,0.223357
318.467,0.218697,0.207367
318.667,0.19168,0.173078
318.867,0.166874,0.145738
319.067,0.142619,0.125643
319.267,0.118068,0.107177
319.467,0.105068,0.0905306
319.667,0.122024,0.0870714
319.867,0.110966,0.050483
320.067,0.0997449,0.041085
320.267,0.0974252,0.0218707
320.467,0.0969796,0.00995238
320.667,0.0965748,0
320.867,0.108459,0.00297279
321.067,0.120847,0.000979592
321.267,0.127793,0
321.467,0.177122,0.00372109
321.667,0.179248,0
321.867,0.176418,0
322.067,0.174313,0
322.267,0.160493,0.00870748
322.467,0.161228,0.00052381
322.667,0.162187,0
322.867,0.163571,0
323.067,0.165344,0.000642857
323.267,0.168827,0
323.467,0.168731,0.00113265
323.667,0.170187,0
323.867,0.171429,0.000619048
324.067,0.185932,0.00113265
324.267,0.183609,0.000309524
324.467,0.184262,0.00153401
324.667,0.18217,0.000309524
324.867,0.184425,0
325.067,0.182293,0.000309524
325.267,0.182673,0.000639456
325.467,0.181105,0.00109524
325.667,0.164891,0.00235374
325.867,0.168823,0
326.067,0.169102,0
326.267,0.169058,0
326.467,0.17099,0.00047619
326.667,0.170571,0.00094898
326.867,0.174272,0.000486395
327.067,0.173412,0.00135714
327.267,0.174857,0.0060068
327.467,0.17381,0.00202041
327.667,0.173599,0.000380952
327.867,0.20034,0.0212653
328.067,0.217993,0.0451837
328.267,0.223776,0.0669388
328.467,0.252133,0.0883367
328.667,0.281548,0.107442
328.867,0.290837,0.125374
329.067,0.242874,0.207612
329.267,0.209432,0.302507
329.467,0.197718,0.16852
329.667,0.191748,0.171061
329.867,0.188752,0.162146
330.067,0.181514,0.165653
330.267,0.169565,0.156068
330.467,0.160639,0.181075
330.667,0.153456,0.163908
330.867,0.147088,0.133963
331.067,0.159075,0.144837
331.267,0.191327,0.11569
331.467,0.231068,0.131102
331.667,0.256585,0.154901
331.867,0.281901,0.175391
332.067,0.297973,0.189578
332.267,0.333306,0.194092
332.467,0.32352,0.183918
332.667,0.314605,0.166701
332.867,0.301895,0.161105
333.067,0.292527,0.158864
333.267,0.274088,0.160823
333.467,0.246381,0.162088
333.667,0.233918,0.153786
333.867,0.220758,0.147925
334.067,0.216075,0.141724
334.267,0.198827,0.131861
334.467,0.175092,0.114401
334.667,0.170282,0.0963027
334.867,0.172085,0.0881531
335.067,0.169633,0.0784014
335.267,0.161167,0.0617789
335.467,0.160003,0.0487993
335.667,0.167054,0.0438061
335.867,0.172966,0.0330612
336.067,0.173643,0.0321531
336.267,0.169871,0.0328435
336.467,0.17415,0.0386054
336.667,0.194293,0.0492551
336.867,0.222143,0.0625306
337.067,0.247952,0.0737075
337.267,0.27848,0.0993401
337.467,0.284687,0.0837007
337.667,0.279694,0.187493
337.867,0.294109,0.116884
338.067,0.323619,0.12834
338.267,0.336884,0.135075
338.467,0.346633,0.163299
338.667,0.336514,0.162486
338.867,0.328384,0.159126
339.067,0.305507,0.216041
339.267,0.28216,0.201541
339.467,0.291969,0.247568
339.667,0.282204,0.18765
339.867,0.265993,0.192088
340.067,0.255517,0.17932
340.267,0.247061,0.16835
340.467,0.235109,0.164548
340.667,0.259946,0.17951
340.867,0.226895,0.134082
341.067,0.20831,0.125099
341.267,0.195442,0.116024
341.467,0.187585,0.106735
341.667,0.189156,0.0961463
341.867,0.191194,0.0686735
342.067,0.195017,0.0466803
342.267,0.286939,0.033466
342.467,0.29481,0.00510204
342.667,0.297663,0
342.867,0.298167,0
343.067,0.294704,0
343.267,0.296888,0
343.467,0.297388,0
343.667,0.296772,0
343.867,0.297622,0
344.067,0.274398,0.000353741
344.267,0.276173,0
344.467,0.275415,0
344.667,0.274306,0
344.867,0.274599,0
345.067,0.276925,0
345.267,0.276412,0
345.467,0.280037,0
345.667,0.272405,0.00422449
345.867,0.268054,0
346.067,0.272258,0
346.267,0.273568,0
346.467,0.254626,0.00237075
346.667,0.255048,0
346.867,0.258612,0
347.067,0.258476,0
347.267,0.256629,0
347.467,0.260007,0
347.667,0.257507,0
347.867,0.256759,0
348.067,0.238935,0.00144218
348.267,0.237354,0.000309524
348.467,0.235374,0
348.667,0.237745,0
348.867,0.233537,0
349.067,0.234881,0
349.267,0.240762,0
349.467,0.241051,0
349.667,0.261799,0.000619048
349.867,0.264449,0
350.067,0.262105,0
350.267,0.26683,0
350.467,0.279007,0.00572109
350.667,0.305082,0.0251939
350.867,0.330793,0.0418571
351.067,0.347228,0.0603946
351.267,0.290017,0.0890306
351.467,0.177408,0.142929
351.667,0.171071,0.0832653
351.867,0.164044,0.0833707
352.067,0.165799,0.0745034
352.267,0.16118,0.0699932
352.467,0.163395,0.0708231
352.667,0.185235,0.0800714
352.867,0.206905,0.0932687
353.067,0.222721,0.116279
353.267,0.216721,0.133592
353.467,0.21665,0.136
353.667,0.213048,0.192156
353.867,0.214395,0.145412
354.067,0.217034,0.121476
354.267,0.217486,0.11868
354.467,0.213048,0.105901
354.667,0.208724,0.11682
354.867,0.20319,0.0807721
355.067,0.199585,0.0769388
355.267,0.210949,0.0731054
355.467,0.217303,0.0806326
355.667,0.231588,0.0842245
355.867,0.234867,0.0971224
356.067,0.240626,0.104844
356.267,0.244207,0.106327
356.467,0.248238,0.111558
356.667,0.252582,0.106306
356.867,0.271085,0.118133
357.067,0.290395,0.130153
357.267,0.307891,0.144602
357.467,0.32018,0.159075
357.667,0.326673,0.199663
357.867,0.329769,0.194449
358.067,0.356901,0.184446
358.267,0.359758,0.149561
358.467,0.362592,0.148558
358.667,0.358997,0.140231
358.867,0.356548,0.13948
359.067,0.367293,0.140344
359.267,0.380357,0.141105
359.467,0.393384,0.133058
359.667,0.406048,0.14452
359.867,0.403959,0.12998
360.067,0.404133,0.118078
360.267,0.403857,0.105878
360.467,0.407844,0.101255
360.667,0.412272,0.0851871
360.867,0.41632,0.0883537
361.067,0.426299,0.0898401
361.267,0.444194,0.0916735
361.467,0.447354,0.124895
361.667,0.456769,0.110609
361.867,0.460367,0.116578
362.067,0.471014,0.123415
362.267,0.486609,0.126558
362.467,0.505388,0.128238
362.667,0.519092,0.124058
362.867,0.534531,0.125401
363.067,0.548014,0.153956
363.267,0.551493,0.135779
363.467,0.546112,0.140432
363.667,0.542912,0.122207
363.867,0.537058,0.10684
364.067,0.531034,0.0982347
364.267,0.523065,0.0815068
364.467,0.517725,0.0788061
364.667,0.503116,0.0929626
364.867,0.496925,0.0640986
365.067,0.493446,0.0606531
365.267,0.494997,0.0592755
365.467,0.499531,0.0529184
365.667,0.507041,0.0576735
365.867,0.520446,0.045898
366.067,0.531327,0.0412721
366.267,0.543401,0.0333503
366.467,0.557561,0.0542415
366.667,0.568582,0.0698231
366.867,0.576728,0.121983
367.067,0.579878,0.0234728
367.267,0.587707,0.053381
367.467,0.589395,0.0198878
367.667,0.589833,0.0207551
367.867,0.590976,0.0213231
368.067,0.610772,0.044466
368.267,0.617997,0.0355238
368.467,0.625024,0.0319898
368.667,0.640276,0.0389728
368.867,0.653289,0.0366463
369.067,0.664707,0.0497517
369.267,0.675612,0.052449
369.467,0.684493,0.0517347
369.667,0.689939,0.0710476
369.867,0.692258,0.0587823
370.067,0.691854,0.0637551
370.267,0.697956,0.0650646
370.467,0.705697,0.0655782
370.667,0.711929,0.0665544
370.867,0.719895,0.064949
371.067,0.729153,0.0707891
371.267,0.736793,0.0737007
371.467,0.746844,0.082534
371.667,0.758105,0.0825374
371.867,0.766071,0.0891361
372.067,0.77015,0.0842279
372.267,0.77217,0.0806667
372.467,0.77868,0.0716259
372.667,0.784507,0.0876565
372.867,0.784429,0.0602347
373.067,0.788109,0.0771429
373.267,0.784694,0.0483707
373.467,0.784241,0.039568
373.667,0.785503,0.0272925
373.867,0.792446,0.0312823
374.067,0.797915,0.0329864
374.267,0.804789,0.0336565
374.467,0.806293,0.0358299
374.667,0.811201,0.0508027
374.867,0.810731,0.0396735
375.067,0.809031,0.037983
375.267,0.806418,0.0298333
375.467,0.802459,0.0272177
375.667,0.800344,0.0238742
375.867,0.803248,0.044466
376.067,0.806503,0.0290272
376.267,0.808616,0.0431599
376.467,0.816956,0.0529524
376.667,0.816588,0.024932
376.867,0.816126,0.0234286
377.067,0.816085,0.0268333
377.267,0.816187,0.0201565
377.467,0.816269,0.0157177
377.667,0.817252,0.0122721
377.867,0.818327,0.010102
378.067,0.825225,0.0202449
378.267,0.825071,0.0106565
378.467,0.8255,0.0101259
378.667,0.825782,0.00845918
378.867,0.824779,0.00957823
379.067,0.827333,0.0118129
379.267,0.830051,0.0120204
379.467,0.827728,0.00944898
379.667,0.829221,0.0181088
379.867,0.825497,0.00213605
380.067,0.824527,0.0126293
380.267,0.826534,0.0097585
380.467,0.82816,0.00559864
380.667,0.829582,0.00556803
380.867,0.832745,0.0210306
381.067,0.839986,0.00194898
381.267,0.841687,0.00345238
381.467,0.868344,0.0113231
381.667,0.86865,0
381.867,0.869269,0.000710884
382.067,0.86965,0.000989796
382.267,0.870231,0.00119728
382.467,0.870731,0
